0.000000000000000000e+00
2.605042016806722871e-01
3.025210084033613245e-01
3.445378151260504174e-01
3.445378151260504174e-01
3.781512605042016695e-01
4.117647058823529216e-01
4.117647058823529216e-01
4.285714285714285476e-01
4.369747899159663884e-01
4.537815126050420145e-01
4.537815126050420145e-01
4.705882352941176405e-01
4.873949579831932666e-01
5.126050420168066779e-01
5.210084033613445742e-01
5.210084033613445742e-01
5.294117647058823595e-01
5.378151260504201447e-01
5.462184873949579300e-01
5.546218487394958263e-01
5.714285714285713969e-01
5.714285714285713969e-01
5.882352941176470784e-01
5.882352941176470784e-01
5.882352941176470784e-01
6.134453781512605453e-01
6.134453781512605453e-01
6.218487394957983305e-01
6.386554621848739011e-01
6.470588235294117974e-01
6.470588235294117974e-01
6.470588235294117974e-01
6.554621848739495826e-01
6.554621848739495826e-01
6.638655462184873679e-01
6.638655462184873679e-01
6.722689075630252642e-01
6.890756302521008347e-01
6.974789915966386200e-01
7.058823529411765163e-01
7.058823529411765163e-01
7.058823529411765163e-01
7.310924369747898721e-01
7.394957983193277684e-01
7.478991596638655537e-01
7.563025210084033390e-01
7.647058823529411242e-01
7.731092436974790205e-01
7.731092436974790205e-01
7.731092436974790205e-01
7.731092436974790205e-01
7.815126050420168058e-01
7.815126050420168058e-01
7.815126050420168058e-01
7.815126050420168058e-01
7.899159663865545911e-01
7.899159663865545911e-01
7.983193277310924874e-01
8.151260504201680579e-01
8.151260504201680579e-01
8.151260504201680579e-01
8.151260504201680579e-01
8.235294117647058432e-01
8.235294117647058432e-01
8.319327731092437395e-01
8.319327731092437395e-01
8.319327731092437395e-01
8.319327731092437395e-01
8.487394957983193100e-01
8.487394957983193100e-01
8.487394957983193100e-01
8.571428571428570953e-01
8.571428571428570953e-01
8.571428571428570953e-01
8.655462184873949916e-01
8.655462184873949916e-01
8.823529411764705621e-01
8.823529411764705621e-01
8.823529411764705621e-01
8.823529411764705621e-01
8.823529411764705621e-01
8.991596638655462437e-01
9.075630252100840289e-01
9.075630252100840289e-01
9.075630252100840289e-01
9.075630252100840289e-01
9.159663865546218142e-01
9.243697478991597105e-01
9.327731092436974958e-01
9.327731092436974958e-01
9.411764705882352811e-01
9.579831932773109626e-01
9.663865546218487479e-01
9.663865546218487479e-01
9.663865546218487479e-01
9.747899159663865332e-01
9.747899159663865332e-01
9.915966386554622147e-01
1.000000000000000000e+00
