0.000000000000000000e+00
2.036727879799666019e-01
2.353923205342237090e-01
2.520868113522537479e-01
2.787979966611018323e-01
3.005008347245409217e-01
3.171953255425709606e-01
3.405676126878130483e-01
3.539232053422370350e-01
3.772954924874791227e-01
3.906510851419031649e-01
3.956594323873121599e-01
4.040066777963272071e-01
4.090150250417362021e-01
4.156928213689482510e-01
4.207011686143572460e-01
4.273789649415692948e-01
4.390651085141903387e-01
4.490818030050083287e-01
4.574290484140233759e-01
4.641068447412353692e-01
4.724540901502504164e-01
4.791318864774624098e-01
4.941569282136895058e-01
5.025041736227044975e-01
5.091819699499164908e-01
5.158597662771285952e-01
5.225375626043405886e-01
5.292153589315525819e-01
5.308848080133555802e-01
5.358931552587645752e-01
5.442404006677796779e-01
5.525876460767946696e-01
5.592654424040066630e-01
5.676126878130216546e-01
5.726210350584307607e-01
5.776293823038397557e-01
5.826377295492487507e-01
5.876460767946577457e-01
5.993322203672788451e-01
6.026711185308848417e-01
6.126878130217028318e-01
6.210350584307178234e-01
6.277128547579299278e-01
6.393989983305509162e-01
6.444073455759599112e-01
6.510851419031719045e-01
6.644407345575960022e-01
6.694490818030049972e-01
6.744574290484139922e-01
6.794657762938229872e-01
6.861435726210350916e-01
6.944908180300500833e-01
7.061769616026710716e-01
7.095158597662771793e-01
7.161936560934891727e-01
7.212020033388981677e-01
7.245409015025041644e-01
7.345575959933221544e-01
7.378964941569282621e-01
7.412353923205342587e-01
7.479131886477462521e-01
7.529215358931552471e-01
7.629382303839732371e-01
7.629382303839732371e-01
7.729549248747913381e-01
7.746243739565943365e-01
7.779632721202003331e-01
7.879799666110183232e-01
7.913188647746243198e-01
7.963272120200334259e-01
8.013355592654424209e-01
8.096828046744574126e-01
8.130217028380634092e-01
8.230383973288815103e-01
8.247078464106845086e-01
8.297161936560935036e-01
8.313856427378965019e-01
8.347245409015024986e-01
8.380634390651084953e-01
8.447412353923204886e-01
8.530884808013355913e-01
8.580968280467445863e-01
8.647746243739565797e-01
8.714524207011685730e-01
8.864774624373956691e-01
8.931552587646076624e-01
8.964941569282136591e-01
9.065108514190317601e-01
9.181969949916527485e-01
9.282136894824707385e-01
9.348914858096828429e-01
9.449081803005008329e-01
9.532554257095158246e-01
9.582637729549248196e-01
9.682804674457429206e-01
9.749582637729549139e-01
9.799666110183639089e-01
9.899833055091820100e-01
1.000000000000000000e+00
